43,5351800,(83, 83)
44,3273000,(84, 84)
45,0,(85, 85)
46,6649200,(86, 86)
47,1364600,(87, 87)
48,0,(88, 88)
49,6587600,(89, 89)
50,1648100,(90, 90)
51,3143500,(91, 91)
52,4182600,(92, 92)
53,0,(93, 93)
54,3421100,(94, 94)
55,2666000,(95, 95)
56,668900,(96, 96)
57,4404400,(97, 97)
58,3914700,(98, 98)
59,1052600,(99, 99)
60,5193800,(100, 100)
61,873300,(101, 101)
62,5040700,(102, 102)
63,2847600,(103, 103)
64,831100,(104, 104)
65,0,(105, 105)
66,8379600,(106, 106)
67,931100,(107, 107)
68,5825900,(108, 108)
69,674900,(109, 109)
70,3830500,(110, 110)
71,4778900,(111, 111)
72,900000,(112, 112)
73,6191100,(113, 113)
74,1062700,(114, 114)
75,2912000,(115, 115)
76,4840700,(116, 116)
77,0,(117, 117)
78,8371500,(118, 118)
79,0,(119, 119)
80,7659000,(120, 120)
81,1095500,(121, 121)
82,5906200,(122, 122)
83,733700,(123, 123)
84,7054200,(124, 124)
85,1264200,(125, 125)
86,3839800,(126, 126)
87,4039600,(127, 127)
88,4404900,(128, 128)
89,1801700,(129, 129)
90,2404600,(130, 130)
91,5431400,(131, 131)
92,6379600,(132, 132)
93,2815800,(133, 133)
94,3802600,(134, 134)
95,2482300,(135, 135)
96,0,(136, 136)
97,8387600,(137, 137)
98,0,(138, 138)
99,8327400,(139, 139)
100,0,(140, 140)
101,8341400,(141, 141)
102,0,(142, 142)
103,2882700,(143, 143)
104,4807300,(144, 144)
105,2025900,(145, 145)
106,7230000,(146, 146)
107,1534400,(147, 147)
108,7385900,(148, 148)
109,4010200,(149, 149)
110,4322300,(150, 150)
111,6475300,(151, 151)
112,1564400,(152, 152)
113,5481200,(153, 153)
114,6898200,(154, 154)
115,0,(155, 155)
116,10379300,(156, 156)
117,4550700,(157, 157)
118,3890700,(158, 158)
119,4619000,(159, 159)
120,3061200,(160, 160)
121,4637500,(161, 161)
122,3155500,(162, 162)
123,4563100,(163, 163)
124,4531200,(164, 164)
125,4654300,(165, 165)
126,5548700,(166, 166)
127,5548900,(167, 167)
128,3508400,(168, 168)
129,5550400,(169, 169)
130,7597500,(170, 170)
131,1362300,(171, 171)
132,6796500,(172, 172)
133,0,(173, 173)
134,2971100,(174, 174)
135,8057500,(175, 175)
136,6181500,(176, 176)
137,2531200,(177, 177)
138,5822900,(178, 178)
139,8542500,(179, 179)
140,1591000,(180, 180)
141,10745900,(181, 181)
142,3922300,(182, 182)
143,7346600,(183, 183)
144,1492000,(184, 184)
145,9510200,(185, 185)
146,6939700,(186, 186)
147,1657500,(187, 187)
148,2151300,(188, 188)
149,8315800,(189, 189)
150,4560300,(190, 190)
151,4095400,(191, 191)
152,7869500,(192, 192)
153,7039200,(193, 193)
154,4864000,(194, 194)
155,3536300,(195, 195)
156,9876700,(196, 196)
157,8253900,(197, 197)
158,6913400,(198, 198)
159,6269100,(199, 199)
160,2164500,(200, 200)
161,9356900,(201, 201)
162,9487600,(202, 202)
163,5863100,(203, 203)
164,5269400,(204, 204)
165,1404800,(205, 205)
166,3782300,(206, 206)
167,9066500,(207, 207)
168,6167900,(208, 208)
169,8480900,(209, 209)
170,6719800,(210, 210)
171,8478000,(211, 211)
172,7997100,(212, 212)
173,1224000,(213, 213)
174,8254700,(214, 214)
175,8115100,(215, 215)
176,8833100,(216, 216)
177,8448700,(217, 217)
178,8728700,(218, 218)
179,6134700,(219, 219)
180,8420400,(220, 220)
181,9477200,(221, 221)
182,8367900,(222, 222)
183,9353100,(223, 223)
184,7819800,(224, 224)
185,10746200,(225, 225)
186,3879200,(226, 226)
187,8346000,(227, 227)
188,8478300,(228, 228)
189,8375300,(229, 229)
190,7191900,(230, 230)
191,8522600,(231, 231)
192,7288800,(232, 232)
193,9168700,(233, 233)
194,6111400,(234, 234)
195,9754800,(235, 235)
196,8186000,(236, 236)
197,8393400,(237, 237)
198,8135200,(238, 238)
199,8499800,(239, 239)
200,6718700,(240, 240)
201,8626500,(241, 241)
202,9561700,(242, 242)
203,8602000,(243, 243)
204,6547100,(244, 244)
205,9798400,(245, 245)
206,8000700,(246, 246)
207,13446900,(247, 247)
208,9534300,(248, 248)
209,8350900,(249, 249)
210,8393900,(250, 250)
211,10335200,(251, 251)
212,9770200,(252, 252)
213,4470400,(253, 253)
214,10005800,(254, 254)
215,13854300,(255, 255)
216,9221400,(256, 256)
217,8629800,(257, 257)
218,7709400,(258, 258)
219,8480300,(259, 259)
220,14461100,(260, 260)
221,9317600,(261, 261)
222,8256900,(262, 262)
223,8064900,(263, 263)
224,8784800,(264, 264)
225,9029500,(265, 265)
226,7569000,(266, 266)
227,9571400,(267, 267)
228,8459200,(268, 268)
229,9449100,(269, 269)
230,10174500,(270, 270)
231,10667500,(271, 271)
232,13864400,(272, 272)
233,8843700,(273, 273)
234,8339100,(274, 274)
235,6052600,(275, 275)
236,17073500,(276, 276)
237,10871300,(277, 277)
238,12165600,(278, 278)
239,12338300,(279, 279)
240,10098100,(280, 280)
241,3790000,(281, 281)
242,9207800,(282, 282)
243,8296900,(283, 283)
244,10013100,(284, 284)
245,14987000,(285, 285)
246,9704300,(286, 286)
247,9229800,(287, 287)
248,10842200,(288, 288)
249,10171200,(289, 289)
250,9393600,(290, 290)
251,10171800,(291, 291)
252,10338900,(292, 292)
253,7615900,(293, 293)
254,14266600,(294, 294)
255,11308500,(295, 295)
256,12732000,(296, 296)
257,9447800,(297, 297)
258,10210600,(298, 298)
259,10690200,(299, 299)
260,12263400,(300, 300)
261,12729900,(301, 301)
262,8350800,(302, 302)
263,13400500,(303, 303)
264,12705400,(304, 304)
265,11427700,(305, 305)
266,12480200,(306, 306)
267,11345500,(307, 307)
268,13457900,(308, 308)
269,13205200,(309, 309)
270,12461200,(310, 310)
271,13022400,(311, 311)
272,13138400,(312, 312)
273,13075900,(313, 313)
274,8963500,(314, 314)
275,11164700,(315, 315)
276,15007300,(316, 316)
277,11383300,(317, 317)
278,12760200,(318, 318)
279,14355500,(319, 319)
280,15620200,(320, 320)
281,9115500,(321, 321)
282,10704500,(322, 322)
283,17378400,(323, 323)
284,15837700,(324, 324)
285,8187400,(325, 325)
286,16594200,(326, 326)
287,15127900,(327, 327)
288,8773400,(328, 328)
289,16874600,(329, 329)
290,14376200,(330, 330)
291,10836800,(331, 331)
292,10379200,(332, 332)
293,15781100,(333, 333)
294,16445900,(334, 334)
295,15496000,(335, 335)
296,17109400,(336, 336)
297,14351400,(337, 337)
298,10751600,(338, 338)
299,17228200,(339, 339)
300,19447400,(340, 340)
301,14654300,(341, 341)
302,16662500,(342, 342)
303,16952800,(343, 343)
304,16001300,(344, 344)
305,15835800,(345, 345)
306,9673600,(346, 346)
307,14980600,(347, 347)
308,18592900,(348, 348)
309,15888600,(349, 349)
310,15961500,(350, 350)
311,16705800,(351, 351)
312,16365200,(352, 352)
313,17036300,(353, 353)
314,16386800,(354, 354)
315,17416100,(355, 355)
316,16500800,(356, 356)
317,16584700,(357, 357)
318,15769300,(358, 358)
319,17494500,(359, 359)
320,18494100,(360, 360)
321,14411000,(361, 361)
322,18133600,(362, 362)
323,16679400,(363, 363)
324,16772900,(364, 364)
325,15267100,(365, 365)
326,17600200,(366, 366)
327,16783300,(367, 367)
328,9258000,(368, 368)
329,16695000,(369, 369)
330,17147700,(370, 370)
331,15965300,(371, 371)
332,17653500,(372, 372)
333,16864300,(373, 373)
334,16689700,(374, 374)
335,17017000,(375, 375)
336,22066700,(376, 376)
337,18547800,(377, 377)
338,16989300,(378, 378)
339,15970900,(379, 379)
340,16825600,(380, 380)
341,16720300,(381, 381)
342,16721900,(382, 382)
343,24612900,(383, 383)
344,16924700,(384, 384)
345,18353700,(385, 385)
346,23973800,(386, 386)
347,17462000,(387, 387)
348,15827900,(388, 388)
349,24132800,(389, 389)
350,20461400,(390, 390)
351,18058400,(391, 391)
352,20810100,(392, 392)
353,16569300,(393, 393)
354,17139200,(394, 394)
355,16235700,(395, 395)
356,17035900,(396, 396)
357,24677200,(397, 397)
358,20026000,(398, 398)
359,19935600,(399, 399)
360,16686000,(400, 400)
361,18423100,(401, 401)
362,26521500,(402, 402)
363,23203100,(403, 403)
364,16986100,(404, 404)
365,23573600,(405, 405)
366,23679700,(406, 406)
367,19554000,(407, 407)
368,17802100,(408, 408)
369,21290500,(409, 409)
370,15865500,(410, 410)
371,22702700,(411, 411)
372,19324600,(412, 412)
373,24730100,(413, 413)
374,21014400,(414, 414)
375,18248100,(415, 415)
376,16313600,(416, 416)
377,22934000,(417, 417)
378,19058300,(418, 418)
379,16502700,(419, 419)
380,18372800,(420, 420)
381,23162700,(421, 421)
382,18674700,(422, 422)
383,24468600,(423, 423)
384,31164200,(424, 424)
385,26396100,(425, 425)
386,30427600,(426, 426)
387,20595900,(427, 427)
388,11591400,(428, 428)
389,20914300,(429, 429)
390,16535600,(430, 430)
391,24423200,(431, 431)
392,23416700,(432, 432)
393,18460500,(433, 433)
394,23028700,(434, 434)
395,8551400,(435, 435)
396,35173900,(436, 436)
397,20113300,(437, 437)
398,19147000,(438, 438)
399,24768400,(439, 439)
400,22676700,(440, 440)
401,25600300,(441, 441)
402,24448000,(442, 442)
403,25326500,(443, 443)
404,21469800,(444, 444)
405,23987700,(445, 445)
406,21297700,(446, 446)
407,18213200,(447, 447)
408,32358000,(448, 448)
409,25799200,(449, 449)
410,25984700,(450, 450)
411,25984400,(451, 451)
412,28866900,(452, 452)
413,25455400,(453, 453)
414,22110600,(454, 454)
415,23459900,(455, 455)
416,27209300,(456, 456)
417,22470600,(457, 457)
418,27402100,(458, 458)
419,20140100,(459, 459)
420,27155300,(460, 460)
421,21062700,(461, 461)
422,25447400,(462, 462)
423,27386300,(463, 463)
424,24297500,(464, 464)
425,22346700,(465, 465)
426,24660400,(466, 466)
427,28480300,(467, 467)
428,36286100,(468, 468)
429,33374700,(469, 469)
430,31473200,(470, 470)
431,26549000,(471, 471)
432,24657100,(472, 472)
433,26704400,(473, 473)
434,27226500,(474, 474)
435,29755100,(475, 475)
436,25245400,(476, 476)
437,22255600,(477, 477)
438,25528600,(478, 478)
439,32674300,(479, 479)
440,16732300,(480, 480)
441,33289400,(481, 481)
442,32734700,(482, 482)
443,26812100,(483, 483)
444,22656400,(484, 484)
445,32585000,(485, 485)
446,24989600,(486, 486)
447,31192900,(487, 487)
448,26968300,(488, 488)
449,25237200,(489, 489)
450,32488000,(490, 490)
451,27202300,(491, 491)
452,28632200,(492, 492)
453,24964100,(493, 493)
454,29593800,(494, 494)
455,28994100,(495, 495)
456,30581300,(496, 496)
457,32861000,(497, 497)
458,32974200,(498, 498)
459,25041300,(499, 499)
460,29194200,(500, 500)
461,29427300,(501, 501)
462,28914900,(502, 502)
463,29190700,(503, 503)
464,30755900,(504, 504)
465,31595100,(505, 505)
466,36927700,(506, 506)
467,32965100,(507, 507)
468,29304500,(508, 508)
469,33013000,(509, 509)
470,29480300,(510, 510)
471,28878000,(511, 511)
472,29376300,(512, 512)
473,24979200,(513, 513)
474,29389700,(514, 514)
475,32461200,(515, 515)
476,33646400,(516, 516)
477,29151200,(517, 517)
478,28975800,(518, 518)
479,28644200,(519, 519)
480,32402700,(520, 520)
481,33187300,(521, 521)
482,32948300,(522, 522)
483,33936500,(523, 523)
484,40357400,(524, 524)
485,26377900,(525, 525)
486,33306400,(526, 526)
487,33128000,(527, 527)
488,28101300,(528, 528)
489,31308100,(529, 529)
490,40780700,(530, 530)
491,35301900,(531, 531)
492,32079500,(532, 532)
493,38423900,(533, 533)
494,29032600,(534, 534)
495,32740100,(535, 535)
496,25622400,(536, 536)
497,34533600,(537, 537)
498,33982200,(538, 538)
499,23879200,(539, 539)
500,41330100,(540, 540)
501,33353400,(541, 541)
502,25672100,(542, 542)
503,34151800,(543, 543)
504,33268600,(544, 544)
505,34514700,(545, 545)
506,33017000,(546, 546)
507,33136000,(547, 547)
508,34066800,(548, 548)
509,32712500,(549, 549)
510,32865800,(550, 550)
511,32791400,(551, 551)
512,35170700,(552, 552)
513,41799000,(553, 553)
514,32120100,(554, 554)
515,36035000,(555, 555)
516,32338700,(556, 556)
517,33292800,(557, 557)
518,33388000,(558, 558)
519,33256700,(559, 559)
520,35301000,(560, 560)
521,34239700,(561, 561)
522,39547500,(562, 562)
523,39383400,(563, 563)
524,38958200,(564, 564)
525,45437700,(565, 565)
526,42690100,(566, 566)
527,32841200,(567, 567)
528,48424400,(568, 568)
529,38097500,(569, 569)
530,37458800,(570, 570)
531,32808300,(571, 571)
532,40155300,(572, 572)
533,34650900,(573, 573)
534,42549500,(574, 574)
535,33300500,(575, 575)
536,33008900,(576, 576)
537,49331700,(577, 577)
538,34587000,(578, 578)
539,40060000,(579, 579)
540,33191100,(580, 580)
541,38407300,(581, 581)
542,29565400,(582, 582)
543,42202400,(583, 583)
544,33816900,(584, 584)
545,44959800,(585, 585)
546,37532600,(586, 586)
547,41568600,(587, 587)
548,43261100,(588, 588)
549,38471000,(589, 589)
550,41767300,(590, 590)
551,41720900,(591, 591)
552,41578200,(592, 592)
553,43642500,(593, 593)
554,46905600,(594, 594)
555,40821800,(595, 595)
556,33149400,(596, 596)
557,41951600,(597, 597)
558,47788000,(598, 598)
559,38420100,(599, 599)
560,34673700,(600, 600)
561,50428700,(601, 601)
562,41048000,(602, 602)
563,42197300,(603, 603)
564,39035200,(604, 604)
565,27620700,(605, 605)
566,36527900,(606, 606)
567,44456900,(607, 607)
568,39923500,(608, 608)
569,41876200,(609, 609)
570,47202200,(610, 610)
571,43256100,(611, 611)
572,43825400,(612, 612)
573,44756300,(613, 613)
574,41805500,(614, 614)
575,45240700,(615, 615)
576,45907100,(616, 616)
577,44622000,(617, 617)
578,47253100,(618, 618)
579,42980900,(619, 619)
580,48268200,(620, 620)
581,41888500,(621, 621)
582,41841900,(622, 622)
583,42850800,(623, 623)
584,41412900,(624, 624)
585,49985200,(625, 625)
586,41191600,(626, 626)
587,41013300,(627, 627)
588,42372500,(628, 628)
589,42550500,(629, 629)
590,41798200,(630, 630)
591,45435700,(631, 631)
592,46000600,(632, 632)
593,41862100,(633, 633)
594,44228800,(634, 634)
595,40504200,(635, 635)
596,43439600,(636, 636)
597,48733500,(637, 637)
598,50037200,(638, 638)
599,42847500,(639, 639)
600,55209000,(640, 640)
601,41901300,(641, 641)
602,52522700,(642, 642)
603,47794000,(643, 643)
604,48840100,(644, 644)
605,49972300,(645, 645)
606,49276400,(646, 646)
607,42012000,(647, 647)
608,50816900,(648, 648)
609,50003900,(649, 649)
610,48638600,(650, 650)
611,47607700,(651, 651)
612,43574400,(652, 652)
613,52000400,(653, 653)
614,49701400,(654, 654)
615,48478300,(655, 655)
616,42732000,(656, 656)
617,58241900,(657, 657)
618,48965100,(658, 658)
619,51652700,(659, 659)
620,40173600,(660, 660)
621,51938500,(661, 661)
622,47947600,(662, 662)
623,55036100,(663, 663)
624,44975100,(664, 664)
625,58257100,(665, 665)
626,43420900,(666, 666)
627,56817600,(667, 667)
628,51230400,(668, 668)
629,49506200,(669, 669)
630,49340600,(670, 670)
631,49733000,(671, 671)
632,50097000,(672, 672)
633,59162600,(673, 673)
634,49899700,(674, 674)
635,49230800,(675, 675)
636,51446300,(676, 676)
637,49024100,(677, 677)
638,49815900,(678, 678)
639,50530400,(679, 679)
640,51517000,(680, 680)
641,56980000,(681, 681)
642,49288900,(682, 682)
643,50891500,(683, 683)
644,58276100,(684, 684)
645,49284200,(685, 685)
646,49215100,(686, 686)
647,48919200,(687, 687)
648,42996100,(688, 688)
649,57471300,(689, 689)
650,49706000,(690, 690)
651,51267400,(691, 691)
652,49207000,(692, 692)
653,50449400,(693, 693)
654,49659500,(694, 694)
655,51236000,(695, 695)
656,56966800,(696, 696)
657,50534200,(697, 697)
658,58307800,(698, 698)
659,51160700,(699, 699)
660,56829500,(700, 700)
661,50937400,(701, 701)
662,57295200,(702, 702)
663,50913000,(703, 703)
664,56783800,(704, 704)
665,51492300,(705, 705)
666,57863300,(706, 706)
667,47019100,(707, 707)
668,67105300,(708, 708)
669,56755900,(709, 709)
670,59265800,(710, 710)
671,59708300,(711, 711)
672,55300500,(712, 712)
673,62340300,(713, 713)
674,58743800,(714, 714)
675,61315300,(715, 715)
676,52552400,(716, 716)
677,65834300,(717, 717)
678,61870300,(718, 718)
679,51384000,(719, 719)
680,51195800,(720, 720)
681,51569600,(721, 721)
682,62882300,(722, 722)
683,46215700,(723, 723)
684,72895800,(724, 724)
685,60176500,(725, 725)
686,63225800,(726, 726)
687,64339500,(727, 727)
688,53114400,(728, 728)
689,70883900,(729, 729)
690,65594700,(730, 730)
691,57026000,(731, 731)
692,52127900,(732, 732)
693,74437900,(733, 733)
694,65748700,(734, 734)
695,57704600,(735, 735)
696,72017400,(736, 736)
697,46624100,(737, 737)
698,56746500,(738, 738)
699,69967300,(739, 739)
700,61274900,(740, 740)
701,59751000,(741, 741)
702,57874800,(742, 742)
703,57076100,(743, 743)
704,58966300,(744, 744)
705,66196200,(745, 745)
706,65401200,(746, 746)
707,67068800,(747, 747)
708,66113200,(748, 748)
709,68020000,(749, 749)
710,65781000,(750, 750)
711,65537700,(751, 751)
712,65408800,(752, 752)
713,63577100,(753, 753)
714,58613800,(754, 754)
715,68146700,(755, 755)
716,67102400,(756, 756)
717,69589100,(757, 757)
718,64246700,(758, 758)
719,70498500,(759, 759)
720,62886100,(760, 760)
721,74195300,(761, 761)
722,58562500,(762, 762)
723,66053800,(763, 763)
724,81015100,(764, 764)
725,75057900,(765, 765)
726,61903200,(766, 766)
727,62545000,(767, 767)
728,68945300,(768, 768)
729,78403500,(769, 769)
730,67181000,(770, 770)
731,66774500,(771, 771)
732,63119100,(772, 772)
733,85539900,(773, 773)
734,61823500,(774, 774)
735,71559200,(775, 775)
736,67211000,(776, 776)
737,76961000,(777, 777)
738,68377900,(778, 778)
739,70824300,(779, 779)
740,72294400,(780, 780)
741,78018100,(781, 781)
742,73667400,(782, 782)
743,76043200,(783, 783)
744,65810900,(784, 784)
745,66396500,(785, 785)
746,74389600,(786, 786)
747,86701200,(787, 787)
748,71820900,(788, 788)
749,66702600,(789, 789)
750,66582900,(790, 790)
751,76672200,(791, 791)
752,65084200,(792, 792)
753,75237300,(793, 793)
754,66427100,(794, 794)
755,75060900,(795, 795)
756,77921500,(796, 796)
757,71953400,(797, 797)
758,73279600,(798, 798)
759,66862900,(799, 799)
760,65629100,(800, 800)
761,92495800,(801, 801)
762,74558000,(802, 802)
763,75032900,(803, 803)
764,65396200,(804, 804)
765,77150200,(805, 805)
766,81779100,(806, 806)
767,75835600,(807, 807)
768,66490000,(808, 808)
769,75500800,(809, 809)
770,74189700,(810, 810)
771,83887400,(811, 811)
772,80801800,(812, 812)
773,76913700,(813, 813)
774,76255100,(814, 814)
775,66255000,(815, 815)
776,83308000,(816, 816)
777,75316800,(817, 817)
778,83275100,(818, 818)
779,80047200,(819, 819)
780,77477300,(820, 820)
781,58100000,(821, 821)
782,75639900,(822, 822)
783,75273100,(823, 823)
784,82807500,(824, 824)
785,66094700,(825, 825)
786,83991400,(826, 826)
787,82180000,(827, 827)
788,83867000,(828, 828)
789,68736700,(829, 829)
790,90201800,(830, 830)
791,96223300,(831, 831)
792,78848300,(832, 832)
793,81636900,(833, 833)
794,76203500,(834, 834)
795,88095800,(835, 835)
796,83488200,(836, 836)
797,81448400,(837, 837)
798,86222500,(838, 838)
799,96780200,(839, 839)
800,83789500,(840, 840)
801,79390400,(841, 841)
802,81881000,(842, 842)
803,76600900,(843, 843)
804,80024800,(844, 844)
805,69641000,(845, 845)
806,96054800,(846, 846)
807,87472000,(847, 847)
808,83421300,(848, 848)
809,79801800,(849, 849)
810,83352500,(850, 850)
811,83250400,(851, 851)
812,82702000,(852, 852)
813,83544600,(853, 853)
814,90870100,(854, 854)
815,84267300,(855, 855)
816,75525200,(856, 856)
817,76027600,(857, 857)
818,82942800,(858, 858)
819,81382100,(859, 859)
820,76894400,(860, 860)
821,89636600,(861, 861)
822,91629600,(862, 862)
823,91387400,(863, 863)
824,75199400,(864, 864)
825,66452000,(865, 865)
826,100023100,(866, 866)
827,91497200,(867, 867)
828,75702800,(868, 868)
829,86295800,(869, 869)
830,90244400,(870, 870)
831,89764300,(871, 871)
832,81931500,(872, 872)
833,83565500,(873, 873)
834,99323900,(874, 874)
835,94450700,(875, 875)
836,89901200,(876, 876)
837,91365900,(877, 877)
838,99902300,(878, 878)
839,96171800,(879, 879)
840,89687900,(880, 880)
841,86037800,(881, 881)
842,99247100,(882, 882)
843,85891500,(883, 883)
844,92158400,(884, 884)
845,82221600,(885, 885)
846,90975400,(886, 886)
847,86993700,(887, 887)
848,91498200,(888, 888)
849,88860400,(889, 889)
850,92466800,(890, 890)
851,90304300,(891, 891)
852,82637200,(892, 892)
853,95023500,(893, 893)
854,91390100,(894, 894)
855,93670100,(895, 895)
856,92703300,(896, 896)
857,91889900,(897, 897)
858,75163000,(898, 898)
859,101738900,(899, 899)
860,89085200,(900, 900)
861,95156600,(901, 901)
862,95381700,(902, 902)
863,92796400,(903, 903)
864,101687400,(904, 904)
865,100039000,(905, 905)
866,91286700,(906, 906)
867,91421100,(907, 907)
868,86695100,(908, 908)
869,92270200,(909, 909)
870,100093700,(910, 910)
871,89095100,(911, 911)
872,107238300,(912, 912)
873,95889400,(913, 913)
874,78654500,(914, 914)
875,112567900,(915, 915)
876,97925000,(916, 916)
877,113088400,(917, 917)
878,94957800,(918, 918)
879,91822200,(919, 919)
880,102772400,(920, 920)
881,97124500,(921, 921)
882,97624500,(922, 922)
883,100143300,(923, 923)
884,102545700,(924, 924)
885,90356300,(925, 925)
886,80929300,(926, 926)
887,93000900,(927, 927)
888,114675900,(928, 928)
889,101194900,(929, 929)
890,90890000,(930, 930)
891,84642700,(931, 931)
892,99525000,(932, 932)
893,109085800,(933, 933)
894,85977900,(934, 934)
895,93093600,(935, 935)
896,108555100,(936, 936)
897,90994000,(937, 937)
898,98893000,(938, 938)
899,91842000,(939, 939)
900,109783300,(940, 940)
901,90268100,(941, 941)
902,99962400,(942, 942)
903,100102800,(943, 943)
904,100259000,(944, 944)
905,107669200,(945, 945)
906,91872700,(946, 946)
907,128317500,(947, 947)
908,98318600,(948, 948)
909,100828900,(949, 949)
910,107713100,(950, 950)
911,110685300,(951, 951)
912,89891800,(952, 952)
913,117458100,(953, 953)
914,101689400,(954, 954)
915,115071100,(955, 955)
916,102004300,(956, 956)
917,108472100,(957, 957)
918,112916100,(958, 958)
919,101783900,(959, 959)
920,100050800,(960, 960)
921,111552200,(961, 961)
922,124218800,(962, 962)
923,106232800,(963, 963)
924,116107900,(964, 964)
925,106549600,(965, 965)
926,94342400,(966, 966)
927,99257200,(967, 967)
928,98523900,(968, 968)
929,102081700,(969, 969)
930,105978700,(970, 970)
931,108371500,(971, 971)
932,108414000,(972, 972)
933,124846500,(973, 973)
934,100622000,(974, 974)
935,101011800,(975, 975)
936,112051000,(976, 976)
937,104449100,(977, 977)
938,102144000,(978, 978)
939,108358000,(979, 979)
940,114444600,(980, 980)
941,120673800,(981, 981)
942,124668300,(982, 982)
943,110652000,(983, 983)
944,106448200,(984, 984)
945,102156600,(985, 985)
946,110372000,(986, 986)
947,110864400,(987, 987)
948,112581300,(988, 988)
949,115109700,(989, 989)
950,115583100,(990, 990)
951,106902000,(991, 991)
952,116913900,(992, 992)
953,116577400,(993, 993)
954,117996200,(994, 994)
955,114319000,(995, 995)
956,117153600,(996, 996)
957,116138400,(997, 997)
958,97897500,(998, 998)
959,132705800,(999, 999)
960,102611900,(1000, 1000)
961,108774700,(1001, 1001)
962,117456800,(1002, 1002)
963,111588700,(1003, 1003)
964,112513900,(1004, 1004)
965,117664300,(1005, 1005)
966,113547800,(1006, 1006)
967,99689300,(1007, 1007)
968,115666300,(1008, 1008)
969,122317900,(1009, 1009)
970,106342000,(1010, 1010)
971,118931900,(1011, 1011)
972,124731500,(1012, 1012)
973,123399900,(1013, 1013)
974,103869900,(1014, 1014)
975,107270900,(1015, 1015)
976,127888000,(1016, 1016)
977,126854600,(1017, 1017)
978,103591100,(1018, 1018)
979,131950600,(1019, 1019)
980,126329500,(1020, 1020)
981,136506700,(1021, 1021)
982,130994700,(1022, 1022)
983,112211100,(1023, 1023)
984,109167700,(1024, 1024)
985,123132700,(1025, 1025)
986,114766900,(1026, 1026)
987,123626600,(1027, 1027)
988,130757100,(1028, 1028)
989,122777200,(1029, 1029)
990,124351400,(1030, 1030)
991,127270200,(1031, 1031)
992,122144000,(1032, 1032)
993,116927800,(1033, 1033)
994,114359600,(1034, 1034)
995,113392600,(1035, 1035)
996,129197900,(1036, 1036)
997,126622400,(1037, 1037)
998,133279900,(1038, 1038)
999,119112800,(1039, 1039)
1000,112986800,(1040, 1040)
1001,108019500,(1041, 1041)
1002,135966600,(1042, 1042)
1003,132280300,(1043, 1043)
1004,127501600,(1044, 1044)
1005,139456100,(1045, 1045)
1006,125611400,(1046, 1046)
1007,116927300,(1047, 1047)
1008,116659100,(1048, 1048)
1009,134860900,(1049, 1049)
1010,130965300,(1050, 1050)
1011,108144200,(1051, 1051)
1012,110762100,(1052, 1052)
1013,150895400,(1053, 1053)
1014,122860000,(1054, 1054)
1015,136021600,(1055, 1055)
1016,121842400,(1056, 1056)
1017,119411300,(1057, 1057)
1018,115105200,(1058, 1058)
1019,135264500,(1059, 1059)
1020,126491100,(1060, 1060)
1021,124134500,(1061, 1061)
1022,131248600,(1062, 1062)
1023,122618300,(1063, 1063)
1024,133398400,(1064, 1064)
1025,149848100,(1065, 1065)
1026,131559900,(1066, 1066)
1027,121444300,(1067, 1067)
1028,130331100,(1068, 1068)
1029,127965300,(1069, 1069)
1030,120534100,(1070, 1070)
1031,122678100,(1071, 1071)
1032,133495700,(1072, 1072)
1033,125274700,(1073, 1073)
1034,156809400,(1074, 1074)
1035,130116100,(1075, 1075)
1036,133625500,(1076, 1076)
1037,128460300,(1077, 1077)
1038,133917000,(1078, 1078)
1039,109490900,(1079, 1079)
1040,143323700,(1080, 1080)
1041,127994800,(1081, 1081)
1042,145254500,(1082, 1082)
1043,122390200,(1083, 1083)
1044,133541300,(1084, 1084)
1045,150908600,(1085, 1085)
1046,130839400,(1086, 1086)
1047,119332400,(1087, 1087)
1048,133580800,(1088, 1088)
1049,122299000,(1089, 1089)
1050,122587300,(1090, 1090)
1051,126673300,(1091, 1091)
1052,127229000,(1092, 1092)
1053,134513000,(1093, 1093)
1054,141492400,(1094, 1094)
1055,153155700,(1095, 1095)
1056,134352900,(1096, 1096)
1057,143698200,(1097, 1097)
1058,134859800,(1098, 1098)
1059,130017900,(1099, 1099)
1060,132660500,(1100, 1100)
1061,143002900,(1101, 1101)
1062,128184000,(1102, 1102)
1063,140444200,(1103, 1103)
1064,126794900,(1104, 1104)
1065,131277700,(1105, 1105)
1066,134637200,(1106, 1106)
1067,134158800,(1107, 1107)
1068,143149500,(1108, 1108)
1069,130640100,(1109, 1109)
1070,143004500,(1110, 1110)
1071,132606200,(1111, 1111)
1072,134212800,(1112, 1112)
1073,139856200,(1113, 1113)
1074,133193000,(1114, 1114)
1075,134107500,(1115, 1115)
1076,134259000,(1116, 1116)
1077,141406300,(1117, 1117)
1078,134250500,(1118, 1118)
1079,152355800,(1119, 1119)
1080,141842800,(1120, 1120)
1081,129958900,(1121, 1121)
1082,140827300,(1122, 1122)
1083,140941500,(1123, 1123)
1084,138202200,(1124, 1124)
1085,137193500,(1125, 1125)
1086,132899800,(1126, 1126)
1087,139243000,(1127, 1127)
1088,136673300,(1128, 1128)
1089,137195300,(1129, 1129)
1090,130306300,(1130, 1130)
1091,134851400,(1131, 1131)
1092,139137800,(1132, 1132)
1093,134295400,(1133, 1133)
1094,138585500,(1134, 1134)
1095,162887800,(1135, 1135)
1096,136287500,(1136, 1136)
1097,150524100,(1137, 1137)
1098,136599100,(1138, 1138)
1099,153410700,(1139, 1139)
1100,143118800,(1140, 1140)
1101,147966100,(1141, 1141)
1102,162868900,(1142, 1142)
1103,154579500,(1143, 1143)
1104,157452300,(1144, 1144)
1105,141050600,(1145, 1145)
1106,147312500,(1146, 1146)
1107,147095400,(1147, 1147)
1108,149719700,(1148, 1148)
1109,141825100,(1149, 1149)
1110,141335900,(1150, 1150)
1111,158078100,(1151, 1151)
1112,140167700,(1152, 1152)
1113,169202800,(1153, 1153)
1114,142842100,(1154, 1154)
1115,154148200,(1155, 1155)
1116,166625500,(1156, 1156)
1117,173957500,(1157, 1157)
1118,152562000,(1158, 1158)
1119,150425800,(1159, 1159)
1120,155553800,(1160, 1160)
1121,150439700,(1161, 1161)
1122,157437200,(1162, 1162)
1123,176771700,(1163, 1163)
1124,147748800,(1164, 1164)
1125,156781100,(1165, 1165)
1126,154016600,(1166, 1166)
1127,173812200,(1167, 1167)
1128,169224700,(1168, 1168)
1129,158565300,(1169, 1169)
1130,137939900,(1170, 1170)
1131,161629100,(1171, 1171)
1132,163805000,(1172, 1172)
1133,149066100,(1173, 1173)
1134,142692500,(1174, 1174)
1135,158357500,(1175, 1175)
1136,161369800,(1176, 1176)
1137,155906300,(1177, 1177)
1138,154286200,(1178, 1178)
1139,162805200,(1179, 1179)
1140,176112900,(1180, 1180)
1141,155343500,(1181, 1181)
1142,184109500,(1182, 1182)
1143,159932000,(1183, 1183)
1144,149631200,(1184, 1184)
1145,155614400,(1185, 1185)
1146,171473300,(1186, 1186)
1147,157606600,(1187, 1187)
1148,153154600,(1188, 1188)
1149,168180700,(1189, 1189)
1150,169559200,(1190, 1190)
1151,165845700,(1191, 1191)
1152,150553500,(1192, 1192)
1153,158755600,(1193, 1193)
1154,150253200,(1194, 1194)
1155,152171500,(1195, 1195)
1156,154882800,(1196, 1196)
1157,157376200,(1197, 1197)
1158,150930200,(1198, 1198)
1159,172925700,(1199, 1199)
1160,153747500,(1200, 1200)
1161,158945700,(1201, 1201)
1162,158620300,(1202, 1202)
1163,152375100,(1203, 1203)
1164,161149100,(1204, 1204)
1165,168634600,(1205, 1205)
1166,153082800,(1206, 1206)
1167,163492600,(1207, 1207)
1168,174744300,(1208, 1208)
1169,150215800,(1209, 1209)
1170,175324800,(1210, 1210)
1171,166756700,(1211, 1211)
1172,161355300,(1212, 1212)
1173,151032700,(1213, 1213)
1174,175704000,(1214, 1214)
1175,179004200,(1215, 1215)
1176,165910600,(1216, 1216)
1177,167379900,(1217, 1217)
1178,162563000,(1218, 1218)
1179,172651500,(1219, 1219)
1180,159677200,(1220, 1220)
1181,168415100,(1221, 1221)
1182,157026900,(1222, 1222)
1183,173693700,(1223, 1223)
1184,159495600,(1224, 1224)
1185,168093000,(1225, 1225)
1186,173174200,(1226, 1226)
1187,159145900,(1227, 1227)
1188,182472800,(1228, 1228)
1189,179674700,(1229, 1229)
1190,183345200,(1230, 1230)
1191,174821600,(1231, 1231)
1192,174672400,(1232, 1232)
1193,177261500,(1233, 1233)
1194,181101000,(1234, 1234)
1195,185433500,(1235, 1235)
1196,166643100,(1236, 1236)
1197,164816100,(1237, 1237)
1198,183433900,(1238, 1238)
1199,158670500,(1239, 1239)
1200,163358700,(1240, 1240)
1201,167071100,(1241, 1241)
1202,173128500,(1242, 1242)
1203,175836400,(1243, 1243)
1204,165142900,(1244, 1244)
1205,171388100,(1245, 1245)
1206,177284500,(1246, 1246)
1207,190323600,(1247, 1247)
1208,185879400,(1248, 1248)
1209,164645000,(1249, 1249)
1210,187177900,(1250, 1250)
1211,175687600,(1251, 1251)
1212,169721900,(1252, 1252)
1213,173942700,(1253, 1253)
1214,184949200,(1254, 1254)
1215,168694000,(1255, 1255)
1216,178611100,(1256, 1256)
1217,208586700,(1257, 1257)
1218,175710100,(1258, 1258)
1219,178753100,(1259, 1259)
1220,211998400,(1260, 1260)
1221,188147100,(1261, 1261)
1222,186558400,(1262, 1262)
1223,176173400,(1263, 1263)
1224,174883500,(1264, 1264)
1225,195302900,(1265, 1265)
1226,207575500,(1266, 1266)
1227,214320800,(1267, 1267)
1228,182730800,(1268, 1268)
1229,181627100,(1269, 1269)
1230,172700200,(1270, 1270)
1231,199375300,(1271, 1271)
1232,187140600,(1272, 1272)
1233,182335100,(1273, 1273)
1234,166669000,(1274, 1274)
1235,208061900,(1275, 1275)
1236,182786300,(1276, 1276)
1237,191171600,(1277, 1277)
1238,193977600,(1278, 1278)
1239,195659500,(1279, 1279)
1240,171418700,(1280, 1280)
1241,186478500,(1281, 1281)
1242,185338600,(1282, 1282)
1243,205907300,(1283, 1283)
1244,186585900,(1284, 1284)
1245,181984900,(1285, 1285)
1246,177261700,(1286, 1286)
1247,174161800,(1287, 1287)
1248,171358300,(1288, 1288)
1249,215501500,(1289, 1289)
1250,202017800,(1290, 1290)
1251,196313500,(1291, 1291)
1252,197976000,(1292, 1292)
1253,190544700,(1293, 1293)
1254,182632800,(1294, 1294)
1255,190250100,(1295, 1295)
1256,189659800,(1296, 1296)
1257,200031000,(1297, 1297)
1258,179145400,(1298, 1298)
1259,190256900,(1299, 1299)
1260,198852700,(1300, 1300)
1261,182422100,(1301, 1301)
1262,203136900,(1302, 1302)
1263,185923900,(1303, 1303)
1264,190056000,(1304, 1304)
1265,190992600,(1305, 1305)
1266,202560000,(1306, 1306)
1267,197882500,(1307, 1307)
1268,223538300,(1308, 1308)
1269,199965700,(1309, 1309)
1270,201079000,(1310, 1310)
1271,198301200,(1311, 1311)
1272,200238000,(1312, 1312)
1273,209110800,(1313, 1313)
1274,210844100,(1314, 1314)
1275,181190600,(1315, 1315)
1276,189661800,(1316, 1316)
1277,197586800,(1317, 1317)
1278,191997100,(1318, 1318)
1279,190207200,(1319, 1319)
1280,231458000,(1320, 1320)
1281,186033000,(1321, 1321)
1282,215488800,(1322, 1322)
1283,197370200,(1323, 1323)
1284,177929400,(1324, 1324)
1285,209241400,(1325, 1325)
1286,225027300,(1326, 1326)
1287,175795400,(1327, 1327)
1288,196537700,(1328, 1328)
1289,198555200,(1329, 1329)
1290,185246800,(1330, 1330)
1291,185740500,(1331, 1331)
1292,193022800,(1332, 1332)
1293,188042300,(1333, 1333)
1294,203250200,(1334, 1334)
1295,187945300,(1335, 1335)
1296,233538500,(1336, 1336)
1297,246478800,(1337, 1337)
1298,211182300,(1338, 1338)
1299,192162600,(1339, 1339)
1300,205131500,(1340, 1340)
1301,223235300,(1341, 1341)
1302,221134600,(1342, 1342)
1303,193277600,(1343, 1343)
1304,209758300,(1344, 1344)
1305,203051100,(1345, 1345)
1306,203439100,(1346, 1346)
1307,190393300,(1347, 1347)
1308,229926400,(1348, 1348)
1309,190568900,(1349, 1349)
1310,234193400,(1350, 1350)
1311,213234900,(1351, 1351)
1312,198272700,(1352, 1352)
1313,224280700,(1353, 1353)
1314,198878700,(1354, 1354)
1315,189389800,(1355, 1355)
1316,217275600,(1356, 1356)
1317,200885000,(1357, 1357)
1318,208397500,(1358, 1358)
1319,209166400,(1359, 1359)
1320,202143700,(1360, 1360)
1321,217492700,(1361, 1361)
1322,250062500,(1362, 1362)
1323,222683800,(1363, 1363)
1324,214832100,(1364, 1364)
1325,204326400,(1365, 1365)
1326,202728000,(1366, 1366)
1327,203517900,(1367, 1367)
1328,197218200,(1368, 1368)
1329,246966600,(1369, 1369)
1330,224767700,(1370, 1370)
1331,203323000,(1371, 1371)
1332,229241300,(1372, 1372)
1333,207566200,(1373, 1373)
1334,229247000,(1374, 1374)
1335,230566300,(1375, 1375)
1336,217548500,(1376, 1376)
1337,235183600,(1377, 1377)
1338,219388400,(1378, 1378)
1339,211167200,(1379, 1379)
1340,243093900,(1380, 1380)
1341,207389300,(1381, 1381)
1342,208747700,(1382, 1382)
1343,210443200,(1383, 1383)
1344,229312900,(1384, 1384)
1345,227106700,(1385, 1385)
1346,190837500,(1386, 1386)
1347,234344100,(1387, 1387)
1348,233236600,(1388, 1388)
1349,211990000,(1389, 1389)
1350,216272000,(1390, 1390)
1351,199151500,(1391, 1391)
1352,249039300,(1392, 1392)
1353,228657300,(1393, 1393)
1354,215329900,(1394, 1394)
1355,222279800,(1395, 1395)
1356,211895800,(1396, 1396)
1357,231629300,(1397, 1397)
1358,237729800,(1398, 1398)
1359,219988100,(1399, 1399)
1360,248696500,(1400, 1400)
1361,232490500,(1401, 1401)
1362,200739100,(1402, 1402)
1363,215667400,(1403, 1403)
1364,211826600,(1404, 1404)
1365,238432800,(1405, 1405)
1366,242140800,(1406, 1406)
1367,226546100,(1407, 1407)
1368,217183100,(1408, 1408)
1369,236197500,(1409, 1409)
1370,230086500,(1410, 1410)
1371,232736100,(1411, 1411)
1372,222651700,(1412, 1412)
1373,228806100,(1413, 1413)
1374,232603900,(1414, 1414)
1375,223171800,(1415, 1415)
1376,234750600,(1416, 1416)
1377,234726400,(1417, 1417)
1378,221898400,(1418, 1418)
1379,241484800,(1419, 1419)
1380,234912200,(1420, 1420)
1381,217093700,(1421, 1421)
1382,218021300,(1422, 1422)
1383,230757100,(1423, 1423)
1384,234305300,(1424, 1424)
1385,249498600,(1425, 1425)
1386,233452900,(1426, 1426)
1387,236747000,(1427, 1427)
1388,266719800,(1428, 1428)
1389,284884400,(1429, 1429)
1390,225348500,(1430, 1430)
1391,233168100,(1431, 1431)
1392,232546200,(1432, 1432)
1393,230296700,(1433, 1433)
1394,246210400,(1434, 1434)
1395,257600800,(1435, 1435)
1396,240414700,(1436, 1436)
1397,240697600,(1437, 1437)
1398,241799300,(1438, 1438)
1399,268409600,(1439, 1439)
1400,258974200,(1440, 1440)
1401,236175900,(1441, 1441)
1402,238826100,(1442, 1442)
1403,241038000,(1443, 1443)
1404,285449600,(1444, 1444)
1405,225099000,(1445, 1445)
1406,229752200,(1446, 1446)
1407,232885700,(1447, 1447)
1408,241580000,(1448, 1448)
1409,252005100,(1449, 1449)
1410,235030500,(1450, 1450)
1411,227891000,(1451, 1451)
1412,249736600,(1452, 1452)
1413,260580600,(1453, 1453)
1414,235361900,(1454, 1454)
1415,237334400,(1455, 1455)
1416,279436800,(1456, 1456)
1417,227930300,(1457, 1457)
1418,261505000,(1458, 1458)
1419,247461800,(1459, 1459)
1420,231849400,(1460, 1460)
1421,241670700,(1461, 1461)
1422,277550400,(1462, 1462)
1423,236425300,(1463, 1463)
1424,247438700,(1464, 1464)
1425,235997800,(1465, 1465)
1426,239361100,(1466, 1466)
1427,268542000,(1467, 1467)
1428,244218500,(1468, 1468)
1429,244338900,(1469, 1469)
1430,240625400,(1470, 1470)
1431,247697200,(1471, 1471)
1432,267235600,(1472, 1472)
1433,270189600,(1473, 1473)
1434,278945800,(1474, 1474)
1435,242284600,(1475, 1475)
1436,267880700,(1476, 1476)
1437,229007900,(1477, 1477)
1438,244890100,(1478, 1478)
1439,232271900,(1479, 1479)
1440,273180300,(1480, 1480)
1441,266169400,(1481, 1481)
1442,235478800,(1482, 1482)
1443,286629300,(1483, 1483)
1444,287186300,(1484, 1484)
1445,256639500,(1485, 1485)
1446,241218300,(1486, 1486)
1447,262352700,(1487, 1487)
1448,254637500,(1488, 1488)
1449,259154600,(1489, 1489)
1450,243964800,(1490, 1490)
1451,237510200,(1491, 1491)
1452,275579100,(1492, 1492)
1453,250245500,(1493, 1493)
1454,268890000,(1494, 1494)
1455,247465700,(1495, 1495)
1456,257710700,(1496, 1496)
1457,245495800,(1497, 1497)
1458,272202200,(1498, 1498)
1459,263184800,(1499, 1499)
1460,252102500,(1500, 1500)
1461,262026800,(1501, 1501)
1462,251337800,(1502, 1502)
1463,259028900,(1503, 1503)
1464,262467100,(1504, 1504)
1465,259906100,(1505, 1505)
1466,240921900,(1506, 1506)
1467,253179500,(1507, 1507)
1468,222149200,(1508, 1508)
1469,275127800,(1509, 1509)
1470,250831200,(1510, 1510)
1471,258866700,(1511, 1511)
1472,256479800,(1512, 1512)
1473,263325700,(1513, 1513)
1474,249704000,(1514, 1514)
1475,266598900,(1515, 1515)
1476,266510600,(1516, 1516)
1477,237844100,(1517, 1517)
1478,251511800,(1518, 1518)
1479,246120100,(1519, 1519)
1480,265505300,(1520, 1520)
1481,249876300,(1521, 1521)
1482,252279400,(1522, 1522)
1483,271556600,(1523, 1523)
1484,281534200,(1524, 1524)
1485,260799900,(1525, 1525)
1486,261183300,(1526, 1526)
1487,282212000,(1527, 1527)
1488,294076900,(1528, 1528)
1489,296262500,(1529, 1529)
1490,264645400,(1530, 1530)
1491,300084100,(1531, 1531)
1492,252471400,(1532, 1532)
1493,259976600,(1533, 1533)
1494,288527500,(1534, 1534)
1495,285703400,(1535, 1535)
1496,290635100,(1536, 1536)
1497,260365700,(1537, 1537)
1498,263320700,(1538, 1538)
1499,250044500,(1539, 1539)
