43,7095700,(83, 83)
44,1005700,(84, 84)
45,1540600,(85, 85)
46,3065800,(86, 86)
47,3066000,(87, 87)
48,1555900,(88, 88)
49,3724600,(89, 89)
50,1543200,(90, 90)
51,3096900,(91, 91)
52,3115400,(92, 92)
53,1512500,(93, 93)
54,1560000,(94, 94)
55,4459500,(95, 95)
56,1530400,(96, 96)
57,3121100,(97, 97)
58,3124000,(98, 98)
59,1571700,(99, 99)
60,1143800,(100, 100)
61,4127900,(101, 101)
62,2591000,(102, 102)
63,3617200,(103, 103)
64,0,(104, 104)
65,4846600,(105, 105)
66,5054300,(106, 106)
67,4871800,(107, 107)
68,3023000,(108, 108)
69,3639900,(109, 109)
70,4023300,(110, 110)
71,2512100,(111, 111)
72,3762400,(112, 112)
73,0,(113, 113)
74,8133000,(114, 114)
75,3178600,(115, 115)
76,4885800,(116, 116)
77,6035200,(117, 117)
78,4193400,(118, 118)
79,5013500,(119, 119)
80,4552200,(120, 120)
81,4050000,(121, 121)
82,0,(122, 122)
83,3866300,(123, 123)
84,4505900,(124, 124)
85,4623300,(125, 125)
86,2875600,(126, 126)
87,4608300,(127, 127)
88,2579700,(128, 128)
89,5194100,(129, 129)
90,3071600,(130, 130)
91,4809900,(131, 131)
92,5509800,(132, 132)
93,4614300,(133, 133)
94,4115800,(134, 134)
95,2021000,(135, 135)
96,9277600,(136, 136)
97,5212700,(137, 137)
98,4238100,(138, 138)
99,4540000,(139, 139)
100,4729300,(140, 140)
101,3746700,(141, 141)
102,5426600,(142, 142)
103,7971900,(143, 143)
104,4185900,(144, 144)
105,3534200,(145, 145)
106,6411800,(146, 146)
107,1507700,(147, 147)
108,6562500,(148, 148)
109,8341800,(149, 149)
110,4498000,(150, 150)
111,3401500,(151, 151)
112,6097000,(152, 152)
113,1507800,(153, 153)
114,8288800,(154, 154)
115,3536800,(155, 155)
116,4873700,(156, 156)
117,4977900,(157, 157)
118,3194100,(158, 158)
119,8012300,(159, 159)
120,2223100,(160, 160)
121,6193100,(161, 161)
122,2404400,(162, 162)
123,4861900,(163, 163)
124,7385100,(164, 164)
125,4436500,(165, 165)
126,5000500,(166, 166)
127,3183500,(167, 167)
128,6486800,(168, 168)
129,5686300,(169, 169)
130,0,(170, 170)
131,10543900,(171, 171)
132,4542500,(172, 172)
133,3580800,(173, 173)
134,4856700,(174, 174)
135,5761300,(175, 175)
136,6168800,(176, 176)
137,6225600,(177, 177)
138,5387300,(178, 178)
139,4468400,(179, 179)
140,4715100,(180, 180)
141,4794300,(181, 181)
142,4667500,(182, 182)
143,4555200,(183, 183)
144,5301500,(184, 184)
145,4194200,(185, 185)
146,5641800,(186, 186)
147,0,(187, 187)
148,12321300,(188, 188)
149,5885700,(189, 189)
150,6858500,(190, 190)
151,8374600,(191, 191)
152,5030600,(192, 192)
153,3308000,(193, 193)
154,8279600,(194, 194)
155,8452300,(195, 195)
156,0,(196, 196)
157,11746900,(197, 197)
158,4716200,(198, 198)
159,8063500,(199, 199)
160,5073800,(200, 200)
161,3178000,(201, 201)
162,8343400,(202, 202)
163,8721600,(203, 203)
164,0,(204, 204)
165,13270500,(205, 205)
166,6694500,(206, 206)
167,4983100,(207, 207)
168,8452500,(208, 208)
169,8319100,(209, 209)
170,6752200,(210, 210)
171,3557000,(211, 211)
172,11772700,(212, 212)
173,6331000,(213, 213)
174,9968800,(214, 214)
175,6918500,(215, 215)
176,7554300,(216, 216)
177,6113800,(217, 217)
178,7834400,(218, 218)
179,8888900,(219, 219)
180,3079700,(220, 220)
181,9838900,(221, 221)
182,8196800,(222, 222)
183,6909400,(223, 223)
184,7288600,(224, 224)
185,2961000,(225, 225)
186,10077900,(226, 226)
187,10532600,(227, 227)
188,5852000,(228, 228)
189,10281400,(229, 229)
190,7882600,(230, 230)
191,8048300,(231, 231)
192,4381500,(232, 232)
193,9859300,(233, 233)
194,2534400,(234, 234)
195,1107800,(235, 235)
196,8795000,(236, 236)
197,10232700,(237, 237)
198,8030800,(238, 238)
199,8344600,(239, 239)
200,10654900,(240, 240)
201,7747400,(241, 241)
202,8880300,(242, 242)
203,10858800,(243, 243)
204,13469200,(244, 244)
205,8581800,(245, 245)
206,7884000,(246, 246)
207,8131800,(247, 247)
208,6890800,(248, 248)
209,13344100,(249, 249)
210,9562600,(250, 250)
211,9787100,(251, 251)
212,10271700,(252, 252)
213,3538700,(253, 253)
214,17917300,(254, 254)
215,8577800,(255, 255)
216,7298300,(256, 256)
217,8864800,(257, 257)
218,5045300,(258, 258)
219,11840600,(259, 259)
220,11058700,(260, 260)
221,6984500,(261, 261)
222,7450100,(262, 262)
223,13379700,(263, 263)
224,11068100,(264, 264)
225,8008600,(265, 265)
226,7451200,(266, 266)
227,8149600,(267, 267)
228,17594200,(268, 268)
229,10484400,(269, 269)
230,14923100,(270, 270)
231,10866800,(271, 271)
232,10193500,(272, 272)
233,11802600,(273, 273)
234,10970600,(274, 274)
235,7219100,(275, 275)
236,15359500,(276, 276)
237,8511000,(277, 277)
238,16083300,(278, 278)
239,13866600,(279, 279)
240,9375800,(280, 280)
241,14624500,(281, 281)
242,11113200,(282, 282)
243,10982200,(283, 283)
244,10403700,(284, 284)
245,8651600,(285, 285)
246,8101500,(286, 286)
247,16569900,(287, 287)
248,13212200,(288, 288)
249,11363000,(289, 289)
250,13296500,(290, 290)
251,11265000,(291, 291)
252,8426000,(292, 292)
253,13494400,(293, 293)
254,10643200,(294, 294)
255,9987200,(295, 295)
256,11496200,(296, 296)
257,10750500,(297, 297)
258,12422800,(298, 298)
259,11158600,(299, 299)
260,12423200,(300, 300)
261,10872700,(301, 301)
262,8877500,(302, 302)
263,14173500,(303, 303)
264,8192400,(304, 304)
265,14249500,(305, 305)
266,13224300,(306, 306)
267,11166400,(307, 307)
268,8205200,(308, 308)
269,14262100,(309, 309)
270,11737700,(310, 310)
271,12708100,(311, 311)
272,12371400,(312, 312)
273,15025400,(313, 313)
274,11879500,(314, 314)
275,8694600,(315, 315)
276,16477500,(316, 316)
277,16383100,(317, 317)
278,13476000,(318, 318)
279,13642600,(319, 319)
280,13482900,(320, 320)
281,10482100,(321, 321)
282,13798000,(322, 322)
283,15695500,(323, 323)
284,9963600,(324, 324)
285,11725000,(325, 325)
286,14916400,(326, 326)
287,14386700,(327, 327)
288,13078700,(328, 328)
289,14214800,(329, 329)
290,14589200,(330, 330)
291,11649400,(331, 331)
292,14859900,(332, 332)
293,11490500,(333, 333)
294,16234200,(334, 334)
295,13678100,(335, 335)
296,13041900,(336, 336)
297,14497300,(337, 337)
298,14221500,(338, 338)
299,9428200,(339, 339)
